50
10
4 21
6 27
6 30
14 65
31 140
50 222
69 307
71 316
97 432
100 444
10
5 16
5 17
25 73
40 117
69 199
74 213
83 240
97 278
100 286
100 286
10
11 33
28 82
35 102
38 109
58 166
67 191
76 218
93 265
98 281
100 284
10
5 2
22 8
51 18
57 20
68 24
71 25
85 30
88 31
97 34
100 35
10
22 203
23 213
36 326
60 544
64 577
71 644
73 658
88 792
96 864
100 896
10
10 17
54 87
77 125
78 127
80 129
80 129
87 141
98 159
100 161
100 161
10
19 272
24 339
41 588
60 848
63 895
74 1047
75 1058
84 1192
92 1299
100 1408
10
5 18
11 35
17 54
26 84
55 177
59 189
61 195
85 270
87 276
97 310
10
1 4
12 34
16 47
29 83
33 95
35 101
67 191
84 239
86 245
90 256
10
4 18
11 45
33 128
47 182
68 264
81 312
82 318
89 344
95 366
100 384
10
16 113
16 113
26 177
27 185
27 186
42 281
55 372
70 466
72 485
100 665
10
17 21
36 44
42 50
42 50
54 65
61 73
70 84
72 86
73 87
100 119
10
3 38
5 58
7 86
23 263
42 477
49 547
49 553
72 808
87 967
99 1109
10
4 68
32 517
51 832
61 992
67 1087
68 1099
76 1233
79 1287
93 1510
100 1611
10
2 27
9 115
18 230
34 440
41 530
49 629
60 761
77 982
87 1110
100 1268
10
2 36
6 80
13 168
16 210
19 243
26 335
27 345
33 425
38 486
100 1273
10
1 7
7 40
12 69
23 126
34 186
49 265
54 294
81 435
95 512
100 535
10
8 143
12 206
35 572
49 787
49 788
50 804
50 805
79 1280
90 1457
100 1606
10
11 190
12 201
15 251
25 417
28 465
30 495
33 540
41 678
79 1287
100 1625
10
1 10
8 63
12 88
12 88
29 215
33 240
37 270
66 477
71 519
94 684
10
42 592
54 760
61 856
70 983
75 1059
77 1078
86 1209
99 1390
99 1395
100 1397
10
16 85
28 145
29 147
46 234
62 312
65 326
72 363
82 412
94 471
95 478
10
5 68
12 160
52 692
52 696
53 698
60 800
75 990
99 1310
99 1315
100 1316
10
10 161
13 206
21 319
26 393
31 473
56 848
67 1012
77 1153
98 1467
99 1485
10
6 81
13 163
14 176
15 190
25 304
42 513
61 739
76 917
91 1098
100 1200
100
0 10
1 14
3 54
5 76
7 98
7 102
7 104
7 107
7 110
11 157
11 158
12 169
12 170
15 221
15 221
18 252
18 262
21 298
22 308
22 316
23 324
24 336
24 338
25 362
26 365
27 381
27 385
27 386
27 386
27 389
29 409
29 413
29 419
30 428
30 428
32 448
33 473
34 487
35 502
36 507
36 517
36 517
38 535
38 537
39 547
39 559
41 584
42 591
42 597
43 604
43 605
44 619
44 623
45 639
46 647
47 665
47 670
48 677
50 701
51 714
51 720
52 730
52 739
52 739
53 746
55 780
56 788
56 789
57 799
57 805
58 817
59 826
59 828
59 829
61 862
64 905
67 948
68 960
69 971
74 1039
74 1041
77 1083
78 1105
80 1122
80 1131
82 1150
83 1175
85 1195
86 1209
86 1217
89 1247
91 1284
93 1302
93 1302
93 1313
93 1314
95 1337
98 1378
98 1378
99 1386
100
0 9
2 31
3 47
3 49
4 67
5 71
7 100
8 116
8 117
9 136
9 137
10 150
11 156
12 167
12 167
12 170
12 173
15 215
16 225
16 233
17 245
17 247
18 249
18 257
19 265
21 294
22 304
24 332
24 339
25 346
25 354
25 357
25 359
26 364
27 383
27 384
28 392
29 402
29 404
30 426
33 465
34 477
34 482
35 484
37 511
37 514
38 534
40 553
41 576
42 581
44 615
45 622
50 702
51 708
52 720
53 741
56 777
56 778
57 794
58 802
59 818
59 826
60 831
61 844
61 854
61 854
64 894
64 897
66 915
67 934
69 954
71 983
71 984
71 985
72 998
72 999
73 1009
73 1018
73 1018
76 1063
78 1083
80 1113
80 1114
80 1114
80 1115
82 1134
85 1183
85 1185
86 1193
86 1193
86 1196
86 1197
88 1217
88 1224
90 1243
90 1255
93 1285
94 1304
99 1378
100 1381
100
0 2
4 13
5 15
6 19
6 19
7 21
8 25
8 26
10 31
11 32
11 34
11 34
13 38
14 41
16 47
16 48
21 61
21 62
22 64
22 64
23 69
24 71
24 72
25 74
26 76
26 77
27 80
30 87
30 89
31 92
32 93
33 98
34 99
34 101
36 107
36 107
38 112
41 121
43 127
45 133
46 134
47 139
48 140
51 149
52 153
53 154
54 157
57 166
59 173
61 177
61 177
61 177
61 178
62 180
62 180
64 187
65 190
66 192
66 192
66 194
67 195
67 195
68 200
68 200
69 202
69 202
70 204
71 207
71 207
72 209
72 210
72 210
73 213
74 216
74 216
75 218
75 219
79 230
79 231
80 233
85 249
88 256
89 259
90 262
91 264
91 265
91 266
92 268
94 275
94 275
95 276
95 277
95 278
96 281
97 283
97 283
98 286
98 287
100 290
100 290
100
0 7
2 16
3 24
4 29
4 31
5 41
6 46
10 72
10 75
11 83
12 86
13 94
14 100
14 104
16 119
16 120
19 139
19 140
20 143
20 148
21 150
21 151
22 163
24 173
24 175
25 178
25 184
26 185
27 197
29 208
29 209
29 209
30 217
31 221
31 224
32 229
32 232
32 233
33 236
33 236
33 240
33 241
34 244
34 245
34 246
35 250
36 258
36 259
36 260
37 264
39 280
39 280
40 288
40 288
42 303
43 308
43 312
44 318
45 323
45 327
46 333
49 353
49 354
54 386
55 392
56 401
57 406
57 412
59 423
59 423
59 424
59 426
63 452
65 466
65 466
65 469
66 472
69 493
70 501
71 511
74 527
76 541
76 542
77 554
78 559
80 570
81 582
82 589
85 607
85 609
86 615
89 635
89 639
92 658
94 673
97 691
98 697
98 697
98 702
100 711
100
0 7
2 59
3 65
3 70
3 76
5 100
5 100
5 109
6 129
7 159
9 199
10 218
13 270
13 274
14 281
14 281
15 305
15 315
16 334
17 340
17 346
18 362
18 370
19 387
20 419
21 437
23 464
28 560
28 566
28 568
28 574
29 581
29 581
29 592
32 647
33 673
34 685
34 693
36 738
40 803
40 815
42 858
45 904
47 945
47 952
48 975
49 995
50 1009
50 1010
53 1073
55 1113
56 1131
56 1136
59 1194
59 1196
60 1201
60 1204
60 1208
60 1218
61 1226
61 1228
62 1249
62 1250
69 1389
70 1411
73 1477
74 1483
74 1485
74 1496
75 1508
75 1511
76 1533
76 1537
78 1561
80 1600
80 1619
81 1620
81 1625
81 1636
82 1651
83 1662
83 1671
85 1705
85 1712
85 1716
86 1723
86 1723
88 1768
89 1780
90 1803
91 1831
92 1848
92 1851
93 1868
95 1910
96 1924
98 1960
98 1972
99 1982
99 1995
100
0 0
0 0
2 47
3 60
3 60
4 76
5 105
5 110
6 116
6 116
6 120
6 122
6 125
7 135
7 151
8 161
9 186
10 195
10 207
15 288
15 296
16 315
16 317
17 332
18 355
18 358
19 364
20 392
21 402
21 410
22 432
23 443
24 459
24 460
24 461
24 465
24 465
25 477
25 481
27 520
31 590
33 630
34 647
34 650
34 655
39 753
40 761
40 763
43 821
43 822
45 857
46 885
49 935
49 945
52 988
52 1003
54 1042
55 1048
55 1054
55 1058
55 1060
55 1060
59 1119
60 1151
61 1162
61 1169
62 1180
62 1188
64 1218
64 1221
65 1245
66 1254
67 1280
67 1281
68 1307
70 1327
70 1329
72 1369
73 1384
75 1422
75 1440
77 1478
78 1485
78 1495
79 1502
79 1505
79 1509
81 1543
83 1573
83 1586
86 1644
87 1664
87 1667
88 1671
93 1763
93 1766
93 1779
94 1797
97 1852
99 1883
100
5 25
11 48
11 50
11 50
12 51
12 54
14 61
15 64
15 66
16 68
16 70
17 74
17 76
18 79
18 80
18 80
19 81
19 81
19 81
20 88
21 90
22 94
23 100
24 102
24 102
24 102
25 106
25 107
26 110
27 115
28 120
33 142
34 146
34 146
35 149
35 151
35 152
36 156
37 158
37 158
38 163
40 172
40 173
41 177
42 181
46 196
46 196
46 197
48 206
49 210
49 210
50 214
50 215
51 217
51 219
52 223
52 224
53 227
58 246
62 264
62 265
64 273
65 277
65 277
65 279
67 284
67 285
68 289
69 292
69 292
69 294
69 296
70 298
72 307
72 308
73 310
75 320
77 327
78 330
78 332
80 339
80 339
80 339
83 355
83 355
85 360
86 366
87 370
88 375
88 376
90 382
91 389
92 390
92 392
95 405
96 407
96 410
98 417
99 421
100 423
100
2 15
3 21
3 22
3 22
4 27
4 28
6 39
7 46
9 54
9 56
10 60
10 62
12 73
13 78
13 78
15 91
15 91
17 103
17 106
18 111
19 119
23 141
23 143
24 148
25 150
26 155
26 157
27 163
31 190
32 191
32 192
32 193
32 195
35 214
36 215
36 215
36 218
38 228
38 228
38 230
40 240
42 252
42 255
43 257
45 272
48 290
48 290
50 299
51 308
54 325
55 328
55 331
58 350
58 350
59 353
60 360
61 364
61 367
62 374
64 382
65 391
66 398
66 399
67 405
68 406
68 408
69 414
69 417
70 418
70 421
71 424
71 426
73 437
73 439
73 441
75 452
78 465
79 471
81 485
83 498
83 498
83 498
84 502
85 509
85 509
87 523
88 530
89 533
90 541
90 542
91 543
92 550
94 561
94 564
95 567
97 580
98 586
99 592
100 596
100 596
100
0 3
1 8
5 41
5 42
6 47
7 52
8 59
9 72
10 78
11 81
14 109
15 110
15 112
16 120
17 128
18 134
18 135
19 145
21 156
22 167
22 167
23 173
24 178
25 187
26 195
27 202
28 209
28 210
28 210
29 214
29 216
29 218
31 232
32 237
33 241
33 246
35 255
35 257
36 268
37 270
38 277
38 279
39 285
39 285
40 295
40 296
41 305
42 310
43 319
45 328
46 339
46 340
48 354
50 365
51 378
52 379
52 379
53 387
53 392
54 393
55 400
56 411
56 413
59 429
60 437
67 488
68 497
69 507
70 509
72 524
72 529
74 541
74 543
76 559
77 563
78 569
78 571
80 585
80 586
81 595
81 596
82 601
83 607
83 609
84 612
85 621
87 633
87 635
89 654
91 666
93 681
94 685
94 686
97 712
99 720
99 722
99 724
99 725
100 727
100 727
100
2 20
2 20
2 23
3 28
7 58
7 61
9 80
11 91
12 102
12 104
13 109
13 114
14 115
14 122
15 130
16 139
17 140
18 148
18 152
20 167
21 177
22 185
22 185
23 189
24 201
25 208
26 214
26 215
27 225
28 236
30 247
30 251
30 252
31 254
33 271
34 280
34 285
34 286
35 287
35 289
38 311
38 313
38 314
40 332
41 337
42 345
42 346
43 356
45 376
46 377
46 380
46 382
47 386
49 403
50 411
50 414
50 416
52 428
52 430
53 435
53 437
55 453
55 453
56 464
56 465
57 473
58 478
60 493
60 494
60 496
62 508
63 521
65 538
66 544
66 547
66 548
67 551
68 559
70 576
71 582
71 587
73 599
73 605
74 608
74 609
77 636
80 658
83 679
83 681
83 683
84 689
84 694
90 738
91 746
92 754
94 772
95 781
96 788
97 796
100 818
100
3 7
5 11
6 12
8 16
8 17
8 17
9 18
9 19
10 20
10 20
10 20
11 23
11 23
15 30
16 32
17 35
17 35
19 38
22 43
23 45
24 47
24 48
25 50
27 53
27 53
27 54
27 54
28 55
28 55
28 56
30 59
31 61
31 61
31 61
32 64
33 66
33 66
34 68
35 69
36 71
36 72
37 74
38 75
39 77
43 84
44 86
44 87
45 88
48 94
50 98
51 101
52 102
53 104
54 107
55 108
56 111
59 116
59 116
60 117
60 118
61 119
61 120
63 123
64 126
65 127
65 127
65 128
67 131
69 135
69 136
74 145
74 145
74 146
75 147
76 149
77 152
77 152
78 153
78 153
79 155
81 158
81 158
84 165
85 167
86 168
90 176
90 177
91 178
92 180
92 181
93 182
94 184
94 184
94 184
95 187
96 188
98 193
99 194
100 195
100 195
100
0 13
0 14
0 15
2 43
3 62
3 70
5 99
9 183
10 187
11 207
11 210
13 241
14 273
15 277
16 295
17 313
17 313
17 322
22 407
23 436
24 458
24 458
25 473
26 478
27 512
28 517
29 539
29 546
32 590
33 615
34 633
35 647
36 674
37 682
37 684
39 730
40 750
43 794
43 806
45 842
46 856
47 879
49 905
49 907
50 923
51 952
51 952
52 962
53 977
54 1007
55 1026
57 1062
58 1069
58 1082
59 1086
59 1088
59 1090
59 1092
59 1100
61 1121
63 1166
65 1204
65 1211
66 1219
69 1283
70 1286
70 1292
70 1301
71 1316
71 1317
71 1320
71 1321
75 1379
76 1412
77 1421
77 1424
78 1443
79 1452
79 1457
79 1458
80 1473
81 1489
82 1510
83 1536
84 1544
84 1548
85 1570
85 1570
86 1594
87 1600
88 1623
90 1655
90 1668
90 1669
92 1699
95 1755
96 1773
97 1792
97 1797
99 1833
100
1 17
2 26
2 29
3 49
4 53
5 67
5 68
6 76
6 84
7 88
7 93
7 95
8 100
8 105
8 108
10 127
10 127
10 135
11 146
13 161
14 175
14 183
17 212
18 231
19 236
21 264
21 271
22 281
22 282
23 292
25 314
28 354
30 373
31 385
31 391
32 404
33 415
33 418
35 438
36 454
38 480
41 507
41 509
41 513
42 524
45 566
46 574
46 574
46 576
47 582
47 585
48 592
49 613
50 619
50 622
51 629
53 665
54 678
55 686
56 696
56 699
57 709
57 710
61 764
63 788
64 800
65 809
67 831
70 866
72 888
72 898
73 905
75 928
77 960
80 998
81 1001
83 1025
83 1030
84 1036
84 1044
86 1063
86 1069
87 1077
88 1097
89 1100
90 1110
92 1137
92 1143
93 1148
94 1163
95 1172
96 1185
96 1187
96 1190
97 1202
98 1216
98 1217
99 1221
99 1227
100 1233
100
0 4
1 19
5 79
6 82
7 100
10 134
10 140
11 153
12 164
13 181
15 203
17 235
18 248
18 252
20 272
20 273
20 277
23 312
24 325
24 332
26 356
28 374
28 382
29 393
29 398
30 406
31 413
31 421
32 427
33 451
34 455
34 461
35 473
35 474
36 489
38 514
38 516
41 549
41 549
42 560
43 585
45 606
47 629
47 635
47 638
51 681
51 690
52 693
52 698
53 710
53 710
53 712
55 736
55 739
56 758
57 763
58 780
59 793
62 826
62 832
62 833
62 838
65 872
65 876
66 881
66 881
66 890
67 894
68 913
70 937
70 940
70 943
71 951
72 970
74 995
74 996
77 1033
79 1054
79 1055
80 1073
81 1083
81 1090
81 1092
82 1100
83 1108
84 1131
84 1132
90 1206
90 1210
93 1243
94 1253
94 1256
95 1270
95 1277
95 1277
96 1280
96 1286
96 1290
99 1326
99 1329
100
0 13
3 53
3 68
4 75
7 132
8 139
8 153
10 172
10 179
11 200
12 216
14 240
14 244
16 279
16 286
19 338
20 344
20 345
20 352
21 372
22 378
22 382
25 440
25 441
25 441
26 446
29 509
31 542
36 628
36 630
38 652
38 662
39 667
39 671
39 679
40 694
41 707
41 710
41 715
43 736
44 756
46 791
46 800
46 800
47 804
51 871
51 882
51 883
52 902
53 912
54 933
55 948
56 966
56 969
57 976
57 987
57 987
60 1029
60 1038
63 1079
65 1113
65 1116
66 1128
67 1158
68 1173
73 1261
74 1269
77 1318
77 1319
77 1326
79 1351
79 1354
79 1356
81 1393
81 1394
82 1400
83 1420
83 1421
83 1424
84 1436
85 1465
86 1481
87 1489
88 1509
88 1509
90 1541
90 1547
91 1553
91 1560
93 1602
94 1616
95 1625
96 1645
96 1649
96 1653
97 1664
98 1681
98 1682
99 1691
99 1699
100
3 68
4 75
5 96
6 111
7 129
7 131
7 142
9 174
11 202
11 202
12 220
13 237
14 251
14 264
15 277
15 278
17 319
18 332
19 354
20 371
22 398
23 414
23 423
23 425
24 437
25 462
26 480
27 489
29 522
29 528
32 573
33 600
35 636
36 652
37 667
39 713
40 726
40 727
42 751
42 752
42 768
47 841
48 870
48 872
50 897
50 901
51 913
52 931
52 942
52 943
52 947
53 958
55 999
56 1015
56 1018
58 1045
58 1047
58 1048
59 1055
59 1062
60 1076
60 1080
61 1093
64 1150
64 1157
65 1167
67 1202
68 1230
68 1232
69 1245
73 1311
74 1328
76 1361
76 1372
77 1382
77 1386
78 1400
78 1401
79 1426
79 1430
80 1447
81 1449
81 1450
81 1459
82 1479
85 1524
85 1524
86 1546
86 1551
87 1573
90 1622
91 1636
91 1640
91 1643
92 1650
96 1721
97 1746
97 1748
98 1755
100 1788
100
0 1
2 4
2 5
3 6
3 6
3 6
5 10
6 12
8 15
9 16
10 18
10 19
12 21
13 23
13 24
15 27
15 27
16 29
17 30
18 32
19 33
20 35
20 35
21 37
22 39
23 40
23 41
26 45
27 47
28 50
29 51
29 51
30 52
30 52
30 52
31 54
31 54
31 55
33 58
34 59
34 59
35 62
35 62
37 65
38 67
39 68
39 69
39 69
42 74
42 74
44 77
45 79
46 81
47 82
49 85
49 86
49 86
51 89
51 89
52 90
53 93
54 94
54 95
54 95
56 97
58 101
63 109
63 109
63 109
63 110
63 110
64 111
67 117
68 118
73 127
74 129
76 132
76 133
78 136
79 137
79 137
80 139
82 143
83 144
84 146
85 148
86 149
86 149
86 149
87 152
89 154
92 160
92 160
93 161
93 161
94 163
97 168
98 171
99 172
100 173
100
0 3
1 5
1 8
1 8
2 12
4 22
5 24
6 30
8 38
8 39
9 41
9 44
9 44
9 45
11 50
14 64
16 73
17 78
18 85
19 86
19 87
19 87
19 89
20 94
21 97
21 98
21 99
23 107
24 112
25 116
27 123
27 124
28 128
30 139
31 141
31 143
32 145
32 149
33 152
42 191
42 193
44 202
45 204
46 208
46 212
46 212
47 215
49 222
49 225
51 233
51 234
56 257
57 258
57 259
57 262
59 267
59 270
61 276
61 279
62 282
62 284
63 287
63 289
64 292
65 298
66 299
66 301
67 303
67 305
70 317
70 318
71 321
72 327
72 329
73 330
74 335
75 339
76 346
76 347
78 353
78 354
79 360
83 379
84 381
84 381
85 388
90 407
90 407
90 409
90 411
92 420
93 422
94 429
94 429
95 432
97 439
97 440
98 444
98 444
100 452
100
1 17
1 20
2 32
2 33
2 33
4 49
4 52
9 115
10 124
11 137
12 147
12 151
14 170
15 185
16 194
16 195
16 201
17 208
17 216
18 218
18 223
18 226
21 256
21 258
21 264
23 285
24 295
26 317
26 326
27 333
27 335
29 354
32 387
32 389
32 393
33 404
36 439
36 443
36 446
36 447
37 459
38 470
39 476
40 493
42 510
43 521
44 534
45 546
45 553
45 555
46 558
46 567
47 579
48 582
49 602
51 628
52 635
53 642
54 659
54 662
55 666
56 679
58 710
60 728
60 737
61 741
62 753
63 771
65 796
68 832
71 860
72 877
73 886
74 896
74 896
74 898
74 901
75 918
76 929
77 939
78 952
82 992
83 1005
85 1028
86 1046
87 1055
88 1075
89 1083
90 1093
90 1094
90 1097
91 1104
91 1111
95 1156
96 1161
97 1180
98 1193
99 1200
99 1203
100 1209
100
0 0
2 7
3 9
3 9
5 17
5 17
6 18
7 21
7 22
7 22
9 28
10 31
12 35
14 43
17 50
21 62
24 71
25 72
26 76
26 77
27 78
28 81
28 82
31 90
32 93
32 94
33 97
36 106
36 106
37 109
37 109
37 109
39 113
39 113
40 117
40 118
41 120
43 124
43 125
44 129
45 131
45 131
47 138
50 144
50 145
50 145
52 152
52 152
55 159
55 161
57 165
59 171
61 176
61 176
61 178
62 180
63 183
63 184
67 193
68 197
68 198
69 199
69 199
70 203
72 208
72 209
72 210
73 211
73 212
75 216
76 219
77 223
77 224
78 225
79 229
79 230
80 231
80 233
83 240
83 240
84 244
85 245
85 247
86 248
86 248
86 249
87 251
89 257
91 264
92 266
93 268
95 275
96 278
97 280
98 283
98 284
99 287
100 288
100 288
100 288
100
0 6
1 12
2 15
3 28
4 31
5 41
7 53
10 79
11 84
11 85
11 85
13 98
14 109
15 111
15 113
15 115
17 127
19 140
19 144
20 150
20 150
24 182
25 184
26 194
29 217
29 218
30 223
30 224
33 242
35 263
36 265
37 274
37 276
38 281
40 294
40 295
40 300
43 317
43 322
44 327
45 330
47 350
48 355
48 356
49 360
49 361
49 365
51 378
52 383
55 405
55 407
56 412
58 429
58 430
59 437
60 444
61 448
61 451
61 453
62 456
63 462
63 467
65 478
66 488
66 488
67 495
68 500
68 503
68 505
68 505
70 519
72 532
75 552
76 561
76 563
78 573
82 603
82 605
82 608
83 610
84 622
84 622
85 627
86 635
87 639
87 642
88 652
89 653
89 657
90 661
91 672
92 678
93 684
95 699
96 706
96 710
97 713
97 713
98 725
98 725
100
0 10
0 16
1 29
1 30
1 36
2 46
5 108
5 111
6 129
7 138
7 150
8 165
9 179
9 187
9 193
9 194
10 210
12 252
14 281
15 299
15 310
15 312
16 317
17 335
18 366
19 381
20 398
21 416
23 453
24 474
27 531
28 560
29 576
29 576
29 581
30 605
31 614
31 628
32 633
33 652
34 687
35 688
36 708
36 719
37 745
40 793
41 821
42 834
43 847
43 857
44 866
47 927
47 934
47 936
48 945
50 989
50 996
50 997
51 1002
51 1007
51 1010
51 1019
54 1078
54 1079
56 1113
56 1117
58 1149
59 1168
59 1171
60 1182
61 1209
61 1214
62 1233
63 1238
66 1305
68 1343
68 1345
70 1387
70 1390
72 1427
73 1435
73 1437
74 1460
75 1491
76 1493
77 1524
82 1628
83 1636
85 1671
85 1680
85 1685
87 1718
89 1750
89 1753
91 1805
94 1848
95 1872
96 1896
97 1921
98 1939
100
0 0
1 1
1 1
1 1
2 2
2 2
3 3
3 3
8 8
9 9
9 9
9 9
11 11
11 11
12 12
13 13
15 15
15 15
18 18
18 18
20 20
22 22
22 22
25 25
25 25
25 25
27 27
28 28
30 30
32 32
32 32
33 33
33 33
34 34
36 36
36 36
37 37
38 38
39 39
40 40
42 42
42 42
42 42
44 44
44 44
45 45
47 47
51 51
51 51
53 53
53 53
54 54
55 55
55 55
55 55
55 55
57 57
59 59
60 60
63 63
65 65
66 66
66 66
67 67
69 69
69 69
70 70
71 71
71 71
72 72
74 74
76 76
76 76
76 76
77 77
78 78
79 79
81 81
81 81
81 81
82 82
82 82
86 86
86 86
87 87
88 88
89 89
91 91
92 92
93 93
94 94
96 96
96 96
97 97
98 98
98 98
99 99
100 100
100 100
100 100
100
2 33
2 34
2 46
4 62
4 67
4 73
5 85
9 152
10 156
10 165
11 173
12 198
14 216
15 231
15 238
16 251
16 255
17 269
21 323
21 328
23 355
23 355
24 376
25 395
26 403
26 405
27 425
30 465
30 474
32 503
32 505
34 527
35 546
35 551
38 590
38 593
39 607
40 618
40 627
41 631
41 631
42 646
43 672
44 684
45 691
47 734
48 738
49 761
49 766
50 782
51 797
53 816
53 822
56 870
56 873
57 880
58 896
59 908
60 921
60 924
63 975
63 977
63 979
65 1005
67 1035
67 1043
68 1055
69 1059
69 1070
69 1073
71 1099
73 1127
73 1135
74 1137
74 1138
74 1146
74 1147
75 1154
76 1171
76 1175
78 1200
79 1214
80 1238
81 1245
83 1277
83 1288
85 1305
85 1316
86 1334
87 1339
89 1369
89 1376
91 1399
91 1402
91 1409
91 1410
94 1457
95 1460
99 1523
100 1534
100
0 6
0 6
1 25
1 28
3 54
3 59
4 66
4 74
5 81
5 89
9 147
10 168
11 183
11 191
12 192
12 193
13 209
13 209
14 232
14 236
17 281
18 297
19 312
23 373
24 398
25 406
25 413
28 449
28 459
29 473
30 490
31 498
31 509
32 520
35 569
36 576
36 586
37 603
38 616
39 636
41 660
41 666
41 669
42 679
42 687
45 729
45 735
47 761
49 799
50 806
50 807
53 853
54 878
54 878
56 908
58 938
58 943
59 950
61 985
61 990
63 1012
63 1018
65 1051
66 1060
67 1085
68 1093
68 1097
70 1120
70 1131
70 1134
71 1145
72 1159
73 1170
73 1177
75 1213
77 1236
79 1272
80 1295
82 1313
85 1368
86 1378
87 1399
87 1400
87 1400
88 1419
89 1438
90 1451
92 1485
93 1495
93 1496
93 1497
94 1504
97 1566
98 1568
98 1576
98 1579
99 1585
99 1592
99 1597
99 1597
